dist.asc
ncols         37
nrows         37
xllcorner     0
yllcorner     0
cellsize      1
NODATA_value  -9999
0.0000 0.0274 0.0539 0.0796 0.1042 0.1278 0.1502 0.1713 0.1911 0.2094 0.2262 0.2413 0.2546 0.2661 0.2756 0.2831 0.2885 0.2918 0.2929 0.2918 0.2885 0.2831 0.2756 0.2661 0.2546 0.2413 0.2262 0.2094 0.1911 0.1713 0.1502 0.1278 0.1042 0.0796 0.0539 0.0274 0.0000
0.0274 0.0556 0.0829 0.1094 0.1349 0.1593 0.1826 0.2046 0.2252 0.2444 0.2619 0.2778 0.2918 0.3039 0.3139 0.3219 0.3276 0.3310 0.3322 0.3310 0.3276 0.3219 0.3139 0.3039 0.2918 0.2778 0.2619 0.2444 0.2252 0.2046 0.1826 0.1593 0.1349 0.1094 0.0829 0.0556 0.0274
0.0539 0.0829 0.1111 0.1384 0.1648 0.1901 0.2143 0.2372 0.2588 0.2788 0.2973 0.3139 0.3287 0.3415 0.3521 0.3605 0.3666 0.3702 0.3715 0.3702 0.3666 0.3605 0.3521 0.3415 0.3287 0.3139 0.2973 0.2788 0.2588 0.2372 0.2143 0.1901 0.1648 0.1384 0.1111 0.0829 0.0539
0.0796 0.1094 0.1384 0.1667 0.1940 0.2202 0.2454 0.2693 0.2918 0.3128 0.3322 0.3497 0.3654 0.3789 0.3902 0.3991 0.4055 0.4094 0.4107 0.4094 0.4055 0.3991 0.3902 0.3789 0.3654 0.3497 0.3322 0.3128 0.2918 0.2693 0.2454 0.2202 0.1940 0.1667 0.1384 0.1094 0.0796
0.1042 0.1349 0.1648 0.1940 0.2222 0.2495 0.2756 0.3006 0.3241 0.3462 0.3666 0.3851 0.4016 0.4160 0.4280 0.4375 0.4444 0.4486 0.4500 0.4486 0.4444 0.4375 0.4280 0.4160 0.4016 0.3851 0.3666 0.3462 0.3241 0.3006 0.2756 0.2495 0.2222 0.1940 0.1648 0.1349 0.1042
0.1278 0.1593 0.1901 0.2202 0.2495 0.2778 0.3050 0.3310 0.3557 0.3789 0.4004 0.4200 0.4375 0.4528 0.4657 0.4759 0.4833 0.4878 0.4893 0.4878 0.4833 0.4759 0.4657 0.4528 0.4375 0.4200 0.4004 0.3789 0.3557 0.3310 0.3050 0.2778 0.2495 0.2202 0.1901 0.1593 0.1278
0.1502 0.1826 0.2143 0.2454 0.2756 0.3050 0.3333 0.3605 0.3864 0.4107 0.4334 0.4543 0.4730 0.4893 0.5031 0.5141 0.5221 0.5270 0.5286 0.5270 0.5221 0.5141 0.5031 0.4893 0.4730 0.4543 0.4334 0.4107 0.3864 0.3605 0.3333 0.3050 0.2756 0.2454 0.2143 0.1826 0.1502
0.1713 0.2046 0.2372 0.2693 0.3006 0.3310 0.3605 0.3889 0.4160 0.4417 0.4657 0.4878 0.5078 0.5253 0.5402 0.5521 0.5608 0.5661 0.5679 0.5661 0.5608 0.5521 0.5402 0.5253 0.5078 0.4878 0.4657 0.4417 0.4160 0.3889 0.3605 0.3310 0.3006 0.2693 0.2372 0.2046 0.1713
0.1911 0.2252 0.2588 0.2918 0.3241 0.3557 0.3864 0.4160 0.4444 0.4715 0.4969 0.5205 0.5419 0.5608 0.5769 0.5899 0.5994 0.6052 0.6072 0.6052 0.5994 0.5899 0.5769 0.5608 0.5419 0.5205 0.4969 0.4715 0.4444 0.4160 0.3864 0.3557 0.3241 0.2918 0.2588 0.2252 0.1911
0.2094 0.2444 0.2788 0.3128 0.3462 0.3789 0.4107 0.4417 0.4715 0.5000 0.5270 0.5521 0.5751 0.5955 0.6131 0.6273 0.6378 0.6443 0.6464 0.6443 0.6378 0.6273 0.6131 0.5955 0.5751 0.5521 0.5270 0.5000 0.4715 0.4417 0.4107 0.3789 0.3462 0.3128 0.2788 0.2444 0.2094
0.2262 0.2619 0.2973 0.3322 0.3666 0.4004 0.4334 0.4657 0.4969 0.5270 0.5556 0.5824 0.6072 0.6294 0.6486 0.6644 0.6761 0.6833 0.6857 0.6833 0.6761 0.6644 0.6486 0.6294 0.6072 0.5824 0.5556 0.5270 0.4969 0.4657 0.4334 0.4004 0.3666 0.3322 0.2973 0.2619 0.2262
0.2413 0.2778 0.3139 0.3497 0.3851 0.4200 0.4543 0.4878 0.5205 0.5521 0.5824 0.6111 0.6378 0.6621 0.6833 0.7008 0.7140 0.7222 0.7250 0.7222 0.7140 0.7008 0.6833 0.6621 0.6378 0.6111 0.5824 0.5521 0.5205 0.4878 0.4543 0.4200 0.3851 0.3497 0.3139 0.2778 0.2413
0.2546 0.2918 0.3287 0.3654 0.4016 0.4375 0.4730 0.5078 0.5419 0.5751 0.6072 0.6378 0.6667 0.6932 0.7167 0.7365 0.7515 0.7610 0.7643 0.7610 0.7515 0.7365 0.7167 0.6932 0.6667 0.6378 0.6072 0.5751 0.5419 0.5078 0.4730 0.4375 0.4016 0.3654 0.3287 0.2918 0.2546
0.2661 0.3039 0.3415 0.3789 0.4160 0.4528 0.4893 0.5253 0.5608 0.5955 0.6294 0.6621 0.6932 0.7222 0.7485 0.7709 0.7885 0.7997 0.8036 0.7997 0.7885 0.7709 0.7485 0.7222 0.6932 0.6621 0.6294 0.5955 0.5608 0.5253 0.4893 0.4528 0.4160 0.3789 0.3415 0.3039 0.2661
0.2756 0.3139 0.3521 0.3902 0.4280 0.4657 0.5031 0.5402 0.5769 0.6131 0.6486 0.6833 0.7167 0.7485 0.7778 0.8036 0.8243 0.8380 0.8429 0.8380 0.8243 0.8036 0.7778 0.7485 0.7167 0.6833 0.6486 0.6131 0.5769 0.5402 0.5031 0.4657 0.4280 0.3902 0.3521 0.3139 0.2756
0.2831 0.3219 0.3605 0.3991 0.4375 0.4759 0.5141 0.5521 0.5899 0.6273 0.6644 0.7008 0.7365 0.7709 0.8036 0.8333 0.8584 0.8758 0.8821 0.8758 0.8584 0.8333 0.8036 0.7709 0.7365 0.7008 0.6644 0.6273 0.5899 0.5521 0.5141 0.4759 0.4375 0.3991 0.3605 0.3219 0.2831
0.2885 0.3276 0.3666 0.4055 0.4444 0.4833 0.5221 0.5608 0.5994 0.6378 0.6761 0.7140 0.7515 0.7885 0.8243 0.8584 0.8889 0.9122 0.9214 0.9122 0.8889 0.8584 0.8243 0.7885 0.7515 0.7140 0.6761 0.6378 0.5994 0.5608 0.5221 0.4833 0.4444 0.4055 0.3666 0.3276 0.2885
0.2918 0.3310 0.3702 0.4094 0.4486 0.4878 0.5270 0.5661 0.6052 0.6443 0.6833 0.7222 0.7610 0.7997 0.8380 0.8758 0.9122 0.9444 0.9607 0.9444 0.9122 0.8758 0.8380 0.7997 0.7610 0.7222 0.6833 0.6443 0.6052 0.5661 0.5270 0.4878 0.4486 0.4094 0.3702 0.3310 0.2918
0.2929 0.3322 0.3715 0.4107 0.4500 0.4893 0.5286 0.5679 0.6072 0.6464 0.6857 0.7250 0.7643 0.8036 0.8429 0.8821 0.9214 0.9607 1.0000 0.9607 0.9214 0.8821 0.8429 0.8036 0.7643 0.7250 0.6857 0.6464 0.6072 0.5679 0.5286 0.4893 0.4500 0.4107 0.3715 0.3322 0.2929
0.2918 0.3310 0.3702 0.4094 0.4486 0.4878 0.5270 0.5661 0.6052 0.6443 0.6833 0.7222 0.7610 0.7997 0.8380 0.8758 0.9122 0.9444 0.9607 0.9444 0.9122 0.8758 0.8380 0.7997 0.7610 0.7222 0.6833 0.6443 0.6052 0.5661 0.5270 0.4878 0.4486 0.4094 0.3702 0.3310 0.2918
0.2885 0.3276 0.3666 0.4055 0.4444 0.4833 0.5221 0.5608 0.5994 0.6378 0.6761 0.7140 0.7515 0.7885 0.8243 0.8584 0.8889 0.9122 0.9214 0.9122 0.8889 0.8584 0.8243 0.7885 0.7515 0.7140 0.6761 0.6378 0.5994 0.5608 0.5221 0.4833 0.4444 0.4055 0.3666 0.3276 0.2885
0.2831 0.3219 0.3605 0.3991 0.4375 0.4759 0.5141 0.5521 0.5899 0.6273 0.6644 0.7008 0.7365 0.7709 0.8036 0.8333 0.8584 0.8758 0.8821 0.8758 0.8584 0.8333 0.8036 0.7709 0.7365 0.7008 0.6644 0.6273 0.5899 0.5521 0.5141 0.4759 0.4375 0.3991 0.3605 0.3219 0.2831
0.2756 0.3139 0.3521 0.3902 0.4280 0.4657 0.5031 0.5402 0.5769 0.6131 0.6486 0.6833 0.7167 0.7485 0.7778 0.8036 0.8243 0.8380 0.8429 0.8380 0.8243 0.8036 0.7778 0.7485 0.7167 0.6833 0.6486 0.6131 0.5769 0.5402 0.5031 0.4657 0.4280 0.3902 0.3521 0.3139 0.2756
0.2661 0.3039 0.3415 0.3789 0.4160 0.4528 0.4893 0.5253 0.5608 0.5955 0.6294 0.6621 0.6932 0.7222 0.7485 0.7709 0.7885 0.7997 0.8036 0.7997 0.7885 0.7709 0.7485 0.7222 0.6932 0.6621 0.6294 0.5955 0.5608 0.5253 0.4893 0.4528 0.4160 0.3789 0.3415 0.3039 0.2661
0.2546 0.2918 0.3287 0.3654 0.4016 0.4375 0.4730 0.5078 0.5419 0.5751 0.6072 0.6378 0.6667 0.6932 0.7167 0.7365 0.7515 0.7610 0.7643 0.7610 0.7515 0.7365 0.7167 0.6932 0.6667 0.6378 0.6072 0.5751 0.5419 0.5078 0.4730 0.4375 0.4016 0.3654 0.3287 0.2918 0.2546
0.2413 0.2778 0.3139 0.3497 0.3851 0.4200 0.4543 0.4878 0.5205 0.5521 0.5824 0.6111 0.6378 0.6621 0.6833 0.7008 0.7140 0.7222 0.7250 0.7222 0.7140 0.7008 0.6833 0.6621 0.6378 0.6111 0.5824 0.5521 0.5205 0.4878 0.4543 0.4200 0.3851 0.3497 0.3139 0.2778 0.2413
0.2262 0.2619 0.2973 0.3322 0.3666 0.4004 0.4334 0.4657 0.4969 0.5270 0.5556 0.5824 0.6072 0.6294 0.6486 0.6644 0.6761 0.6833 0.6857 0.6833 0.6761 0.6644 0.6486 0.6294 0.6072 0.5824 0.5556 0.5270 0.4969 0.4657 0.4334 0.4004 0.3666 0.3322 0.2973 0.2619 0.2262
0.2094 0.2444 0.2788 0.3128 0.3462 0.3789 0.4107 0.4417 0.4715 0.5000 0.5270 0.5521 0.5751 0.5955 0.6131 0.6273 0.6378 0.6443 0.6464 0.6443 0.6378 0.6273 0.6131 0.5955 0.5751 0.5521 0.5270 0.5000 0.4715 0.4417 0.4107 0.3789 0.3462 0.3128 0.2788 0.2444 0.2094
0.1911 0.2252 0.2588 0.2918 0.3241 0.3557 0.3864 0.4160 0.4444 0.4715 0.4969 0.5205 0.5419 0.5608 0.5769 0.5899 0.5994 0.6052 0.6072 0.6052 0.5994 0.5899 0.5769 0.5608 0.5419 0.5205 0.4969 0.4715 0.4444 0.4160 0.3864 0.3557 0.3241 0.2918 0.2588 0.2252 0.1911
0.1713 0.2046 0.2372 0.2693 0.3006 0.3310 0.3605 0.3889 0.4160 0.4417 0.4657 0.4878 0.5078 0.5253 0.5402 0.5521 0.5608 0.5661 0.5679 0.5661 0.5608 0.5521 0.5402 0.5253 0.5078 0.4878 0.4657 0.4417 0.4160 0.3889 0.3605 0.3310 0.3006 0.2693 0.2372 0.2046 0.1713
0.1502 0.1826 0.2143 0.2454 0.2756 0.3050 0.3333 0.3605 0.3864 0.4107 0.4334 0.4543 0.4730 0.4893 0.5031 0.5141 0.5221 0.5270 0.5286 0.5270 0.5221 0.5141 0.5031 0.4893 0.4730 0.4543 0.4334 0.4107 0.3864 0.3605 0.3333 0.3050 0.2756 0.2454 0.2143 0.1826 0.1502
0.1278 0.1593 0.1901 0.2202 0.2495 0.2778 0.3050 0.3310 0.3557 0.3789 0.4004 0.4200 0.4375 0.4528 0.4657 0.4759 0.4833 0.4878 0.4893 0.4878 0.4833 0.4759 0.4657 0.4528 0.4375 0.4200 0.4004 0.3789 0.3557 0.3310 0.3050 0.2778 0.2495 0.2202 0.1901 0.1593 0.1278
0.1042 0.1349 0.1648 0.1940 0.2222 0.2495 0.2756 0.3006 0.3241 0.3462 0.3666 0.3851 0.4016 0.4160 0.4280 0.4375 0.4444 0.4486 0.4500 0.4486 0.4444 0.4375 0.4280 0.4160 0.4016 0.3851 0.3666 0.3462 0.3241 0.3006 0.2756 0.2495 0.2222 0.1940 0.1648 0.1349 0.1042
0.0796 0.1094 0.1384 0.1667 0.1940 0.2202 0.2454 0.2693 0.2918 0.3128 0.3322 0.3497 0.3654 0.3789 0.3902 0.3991 0.4055 0.4094 0.4107 0.4094 0.4055 0.3991 0.3902 0.3789 0.3654 0.3497 0.3322 0.3128 0.2918 0.2693 0.2454 0.2202 0.1940 0.1667 0.1384 0.1094 0.0796
0.0539 0.0829 0.1111 0.1384 0.1648 0.1901 0.2143 0.2372 0.2588 0.2788 0.2973 0.3139 0.3287 0.3415 0.3521 0.3605 0.3666 0.3702 0.3715 0.3702 0.3666 0.3605 0.3521 0.3415 0.3287 0.3139 0.2973 0.2788 0.2588 0.2372 0.2143 0.1901 0.1648 0.1384 0.1111 0.0829 0.0539
0.0274 0.0556 0.0829 0.1094 0.1349 0.1593 0.1826 0.2046 0.2252 0.2444 0.2619 0.2778 0.2918 0.3039 0.3139 0.3219 0.3276 0.3310 0.3322 0.3310 0.3276 0.3219 0.3139 0.3039 0.2918 0.2778 0.2619 0.2444 0.2252 0.2046 0.1826 0.1593 0.1349 0.1094 0.0829 0.0556 0.0274
0.0000 0.0274 0.0539 0.0796 0.1042 0.1278 0.1502 0.1713 0.1911 0.2094 0.2262 0.2413 0.2546 0.2661 0.2756 0.2831 0.2885 0.2918 0.2929 0.2918 0.2885 0.2831 0.2756 0.2661 0.2546 0.2413 0.2262 0.2094 0.1911 0.1713 0.1502 0.1278 0.1042 0.0796 0.0539 0.0274 0.0000
