fcov.asc
ncols         37
nrows         37
xllcorner     0
yllcorner     0
cellsize      1
NODATA_value  -9999
1.0000 0.9722 0.9444 0.9167 0.8889 0.8611 0.8333 0.8056 0.7778 0.7500 0.7222 0.6944 0.6667 0.6389 0.6111 0.5833 0.5556 0.5278 0.5000 0.4722 0.4444 0.4167 0.3889 0.3611 0.3333 0.3056 0.2778 0.2500 0.2222 0.1944 0.1667 0.1389 0.1111 0.0833 0.0556 0.0278 0.0000
1.0000 0.9722 0.9444 0.9167 0.8889 0.8611 0.8333 0.8056 0.7778 0.7500 0.7222 0.6944 0.6667 0.6389 0.6111 0.5833 0.5556 0.5278 0.5000 0.4722 0.4444 0.4167 0.3889 0.3611 0.3333 0.3056 0.2778 0.2500 0.2222 0.1944 0.1667 0.1389 0.1111 0.0833 0.0556 0.0278 0.0000
1.0000 0.9722 0.9444 0.9167 0.8889 0.8611 0.8333 0.8056 0.7778 0.7500 0.7222 0.6944 0.6667 0.6389 0.6111 0.5833 0.5556 0.5278 0.5000 0.4722 0.4444 0.4167 0.3889 0.3611 0.3333 0.3056 0.2778 0.2500 0.2222 0.1944 0.1667 0.1389 0.1111 0.0833 0.0556 0.0278 0.0000
1.0000 0.9722 0.9444 0.9167 0.8889 0.8611 0.8333 0.8056 0.7778 0.7500 0.7222 0.6944 0.6667 0.6389 0.6111 0.5833 0.5556 0.5278 0.5000 0.4722 0.4444 0.4167 0.3889 0.3611 0.3333 0.3056 0.2778 0.2500 0.2222 0.1944 0.1667 0.1389 0.1111 0.0833 0.0556 0.0278 0.0000
1.0000 0.9722 0.9444 0.9167 0.8889 0.8611 0.8333 0.8056 0.7778 0.7500 0.7222 0.6944 0.6667 0.6389 0.6111 0.5833 0.5556 0.5278 0.5000 0.4722 0.4444 0.4167 0.3889 0.3611 0.3333 0.3056 0.2778 0.2500 0.2222 0.1944 0.1667 0.1389 0.1111 0.0833 0.0556 0.0278 0.0000
1.0000 0.9722 0.9444 0.9167 0.8889 0.8611 0.8333 0.8056 0.7778 0.7500 0.7222 0.6944 0.6667 0.6389 0.6111 0.5833 0.5556 0.5278 0.5000 0.4722 0.4444 0.4167 0.3889 0.3611 0.3333 0.3056 0.2778 0.2500 0.2222 0.1944 0.1667 0.1389 0.1111 0.0833 0.0556 0.0278 0.0000
1.0000 0.9722 0.9444 0.9167 0.8889 0.8611 0.8333 0.8056 0.7778 0.7500 0.7222 0.6944 0.6667 0.6389 0.6111 0.5833 0.5556 0.5278 0.5000 0.4722 0.4444 0.4167 0.3889 0.3611 0.3333 0.3056 0.2778 0.2500 0.2222 0.1944 0.1667 0.1389 0.1111 0.0833 0.0556 0.0278 0.0000
1.0000 0.9722 0.9444 0.9167 0.8889 0.8611 0.8333 0.8056 0.7778 0.7500 0.7222 0.6944 0.6667 0.6389 0.6111 0.5833 0.5556 0.5278 0.5000 0.4722 0.4444 0.4167 0.3889 0.3611 0.3333 0.3056 0.2778 0.2500 0.2222 0.1944 0.1667 0.1389 0.1111 0.0833 0.0556 0.0278 0.0000
1.0000 0.9722 0.9444 0.9167 0.8889 0.8611 0.8333 0.8056 0.7778 0.7500 0.7222 0.6944 0.6667 0.6389 0.6111 0.5833 0.5556 0.5278 0.5000 0.4722 0.4444 0.4167 0.3889 0.3611 0.3333 0.3056 0.2778 0.2500 0.2222 0.1944 0.1667 0.1389 0.1111 0.0833 0.0556 0.0278 0.0000
1.0000 0.9722 0.9444 0.9167 0.8889 0.8611 0.8333 0.8056 0.7778 0.7500 0.7222 0.6944 0.6667 0.6389 0.6111 0.5833 0.5556 0.5278 0.5000 0.4722 0.4444 0.4167 0.3889 0.3611 0.3333 0.3056 0.2778 0.2500 0.2222 0.1944 0.1667 0.1389 0.1111 0.0833 0.0556 0.0278 0.0000
1.0000 0.9722 0.9444 0.9167 0.8889 0.8611 0.8333 0.8056 0.7778 0.7500 0.7222 0.6944 0.6667 0.6389 0.6111 0.5833 0.5556 0.5278 0.5000 0.4722 0.4444 0.4167 0.3889 0.3611 0.3333 0.3056 0.2778 0.2500 0.2222 0.1944 0.1667 0.1389 0.1111 0.0833 0.0556 0.0278 0.0000
1.0000 0.9722 0.9444 0.9167 0.8889 0.8611 0.8333 0.8056 0.7778 0.7500 0.7222 0.6944 0.6667 0.6389 0.6111 0.5833 0.5556 0.5278 0.5000 0.4722 0.4444 0.4167 0.3889 0.3611 0.3333 0.3056 0.2778 0.2500 0.2222 0.1944 0.1667 0.1389 0.1111 0.0833 0.0556 0.0278 0.0000
1.0000 0.9722 0.9444 0.9167 0.8889 0.8611 0.8333 0.8056 0.7778 0.7500 0.7222 0.6944 0.6667 0.6389 0.6111 0.5833 0.5556 0.5278 0.5000 0.4722 0.4444 0.4167 0.3889 0.3611 0.3333 0.3056 0.2778 0.2500 0.2222 0.1944 0.1667 0.1389 0.1111 0.0833 0.0556 0.0278 0.0000
1.0000 0.9722 0.9444 0.9167 0.8889 0.8611 0.8333 0.8056 0.7778 0.7500 0.7222 0.6944 0.6667 0.6389 0.6111 0.5833 0.5556 0.5278 0.5000 0.4722 0.4444 0.4167 0.3889 0.3611 0.3333 0.3056 0.2778 0.2500 0.2222 0.1944 0.1667 0.1389 0.1111 0.0833 0.0556 0.0278 0.0000
1.0000 0.9722 0.9444 0.9167 0.8889 0.8611 0.8333 0.8056 0.7778 0.7500 0.7222 0.6944 0.6667 0.6389 0.6111 0.5833 0.5556 0.5278 0.5000 0.4722 0.4444 0.4167 0.3889 0.3611 0.3333 0.3056 0.2778 0.2500 0.2222 0.1944 0.1667 0.1389 0.1111 0.0833 0.0556 0.0278 0.0000
1.0000 0.9722 0.9444 0.9167 0.8889 0.8611 0.8333 0.8056 0.7778 0.7500 0.7222 0.6944 0.6667 0.6389 0.6111 0.5833 0.5556 0.5278 0.5000 0.4722 0.4444 0.4167 0.3889 0.3611 0.3333 0.3056 0.2778 0.2500 0.2222 0.1944 0.1667 0.1389 0.1111 0.0833 0.0556 0.0278 0.0000
1.0000 0.9722 0.9444 0.9167 0.8889 0.8611 0.8333 0.8056 0.7778 0.7500 0.7222 0.6944 0.6667 0.6389 0.6111 0.5833 0.5556 0.5278 0.5000 0.4722 0.4444 0.4167 0.3889 0.3611 0.3333 0.3056 0.2778 0.2500 0.2222 0.1944 0.1667 0.1389 0.1111 0.0833 0.0556 0.0278 0.0000
1.0000 0.9722 0.9444 0.9167 0.8889 0.8611 0.8333 0.8056 0.7778 0.7500 0.7222 0.6944 0.6667 0.6389 0.6111 0.5833 0.5556 0.5278 0.5000 0.4722 0.4444 0.4167 0.3889 0.3611 0.3333 0.3056 0.2778 0.2500 0.2222 0.1944 0.1667 0.1389 0.1111 0.0833 0.0556 0.0278 0.0000
1.0000 0.9722 0.9444 0.9167 0.8889 0.8611 0.8333 0.8056 0.7778 0.7500 0.7222 0.6944 0.6667 0.6389 0.6111 0.5833 0.5556 0.5278 0.5000 0.4722 0.4444 0.4167 0.3889 0.3611 0.3333 0.3056 0.2778 0.2500 0.2222 0.1944 0.1667 0.1389 0.1111 0.0833 0.0556 0.0278 0.0000
1.0000 0.9722 0.9444 0.9167 0.8889 0.8611 0.8333 0.8056 0.7778 0.7500 0.7222 0.6944 0.6667 0.6389 0.6111 0.5833 0.5556 0.5278 0.5000 0.4722 0.4444 0.4167 0.3889 0.3611 0.3333 0.3056 0.2778 0.2500 0.2222 0.1944 0.1667 0.1389 0.1111 0.0833 0.0556 0.0278 0.0000
1.0000 0.9722 0.9444 0.9167 0.8889 0.8611 0.8333 0.8056 0.7778 0.7500 0.7222 0.6944 0.6667 0.6389 0.6111 0.5833 0.5556 0.5278 0.5000 0.4722 0.4444 0.4167 0.3889 0.3611 0.3333 0.3056 0.2778 0.2500 0.2222 0.1944 0.1667 0.1389 0.1111 0.0833 0.0556 0.0278 0.0000
1.0000 0.9722 0.9444 0.9167 0.8889 0.8611 0.8333 0.8056 0.7778 0.7500 0.7222 0.6944 0.6667 0.6389 0.6111 0.5833 0.5556 0.5278 0.5000 0.4722 0.4444 0.4167 0.3889 0.3611 0.3333 0.3056 0.2778 0.2500 0.2222 0.1944 0.1667 0.1389 0.1111 0.0833 0.0556 0.0278 0.0000
1.0000 0.9722 0.9444 0.9167 0.8889 0.8611 0.8333 0.8056 0.7778 0.7500 0.7222 0.6944 0.6667 0.6389 0.6111 0.5833 0.5556 0.5278 0.5000 0.4722 0.4444 0.4167 0.3889 0.3611 0.3333 0.3056 0.2778 0.2500 0.2222 0.1944 0.1667 0.1389 0.1111 0.0833 0.0556 0.0278 0.0000
1.0000 0.9722 0.9444 0.9167 0.8889 0.8611 0.8333 0.8056 0.7778 0.7500 0.7222 0.6944 0.6667 0.6389 0.6111 0.5833 0.5556 0.5278 0.5000 0.4722 0.4444 0.4167 0.3889 0.3611 0.3333 0.3056 0.2778 0.2500 0.2222 0.1944 0.1667 0.1389 0.1111 0.0833 0.0556 0.0278 0.0000
1.0000 0.9722 0.9444 0.9167 0.8889 0.8611 0.8333 0.8056 0.7778 0.7500 0.7222 0.6944 0.6667 0.6389 0.6111 0.5833 0.5556 0.5278 0.5000 0.4722 0.4444 0.4167 0.3889 0.3611 0.3333 0.3056 0.2778 0.2500 0.2222 0.1944 0.1667 0.1389 0.1111 0.0833 0.0556 0.0278 0.0000
1.0000 0.9722 0.9444 0.9167 0.8889 0.8611 0.8333 0.8056 0.7778 0.7500 0.7222 0.6944 0.6667 0.6389 0.6111 0.5833 0.5556 0.5278 0.5000 0.4722 0.4444 0.4167 0.3889 0.3611 0.3333 0.3056 0.2778 0.2500 0.2222 0.1944 0.1667 0.1389 0.1111 0.0833 0.0556 0.0278 0.0000
1.0000 0.9722 0.9444 0.9167 0.8889 0.8611 0.8333 0.8056 0.7778 0.7500 0.7222 0.6944 0.6667 0.6389 0.6111 0.5833 0.5556 0.5278 0.5000 0.4722 0.4444 0.4167 0.3889 0.3611 0.3333 0.3056 0.2778 0.2500 0.2222 0.1944 0.1667 0.1389 0.1111 0.0833 0.0556 0.0278 0.0000
1.0000 0.9722 0.9444 0.9167 0.8889 0.8611 0.8333 0.8056 0.7778 0.7500 0.7222 0.6944 0.6667 0.6389 0.6111 0.5833 0.5556 0.5278 0.5000 0.4722 0.4444 0.4167 0.3889 0.3611 0.3333 0.3056 0.2778 0.2500 0.2222 0.1944 0.1667 0.1389 0.1111 0.0833 0.0556 0.0278 0.0000
1.0000 0.9722 0.9444 0.9167 0.8889 0.8611 0.8333 0.8056 0.7778 0.7500 0.7222 0.6944 0.6667 0.6389 0.6111 0.5833 0.5556 0.5278 0.5000 0.4722 0.4444 0.4167 0.3889 0.3611 0.3333 0.3056 0.2778 0.2500 0.2222 0.1944 0.1667 0.1389 0.1111 0.0833 0.0556 0.0278 0.0000
1.0000 0.9722 0.9444 0.9167 0.8889 0.8611 0.8333 0.8056 0.7778 0.7500 0.7222 0.6944 0.6667 0.6389 0.6111 0.5833 0.5556 0.5278 0.5000 0.4722 0.4444 0.4167 0.3889 0.3611 0.3333 0.3056 0.2778 0.2500 0.2222 0.1944 0.1667 0.1389 0.1111 0.0833 0.0556 0.0278 0.0000
1.0000 0.9722 0.9444 0.9167 0.8889 0.8611 0.8333 0.8056 0.7778 0.7500 0.7222 0.6944 0.6667 0.6389 0.6111 0.5833 0.5556 0.5278 0.5000 0.4722 0.4444 0.4167 0.3889 0.3611 0.3333 0.3056 0.2778 0.2500 0.2222 0.1944 0.1667 0.1389 0.1111 0.0833 0.0556 0.0278 0.0000
1.0000 0.9722 0.9444 0.9167 0.8889 0.8611 0.8333 0.8056 0.7778 0.7500 0.7222 0.6944 0.6667 0.6389 0.6111 0.5833 0.5556 0.5278 0.5000 0.4722 0.4444 0.4167 0.3889 0.3611 0.3333 0.3056 0.2778 0.2500 0.2222 0.1944 0.1667 0.1389 0.1111 0.0833 0.0556 0.0278 0.0000
1.0000 0.9722 0.9444 0.9167 0.8889 0.8611 0.8333 0.8056 0.7778 0.7500 0.7222 0.6944 0.6667 0.6389 0.6111 0.5833 0.5556 0.5278 0.5000 0.4722 0.4444 0.4167 0.3889 0.3611 0.3333 0.3056 0.2778 0.2500 0.2222 0.1944 0.1667 0.1389 0.1111 0.0833 0.0556 0.0278 0.0000
1.0000 0.9722 0.9444 0.9167 0.8889 0.8611 0.8333 0.8056 0.7778 0.7500 0.7222 0.6944 0.6667 0.6389 0.6111 0.5833 0.5556 0.5278 0.5000 0.4722 0.4444 0.4167 0.3889 0.3611 0.3333 0.3056 0.2778 0.2500 0.2222 0.1944 0.1667 0.1389 0.1111 0.0833 0.0556 0.0278 0.0000
1.0000 0.9722 0.9444 0.9167 0.8889 0.8611 0.8333 0.8056 0.7778 0.7500 0.7222 0.6944 0.6667 0.6389 0.6111 0.5833 0.5556 0.5278 0.5000 0.4722 0.4444 0.4167 0.3889 0.3611 0.3333 0.3056 0.2778 0.2500 0.2222 0.1944 0.1667 0.1389 0.1111 0.0833 0.0556 0.0278 0.0000
1.0000 0.9722 0.9444 0.9167 0.8889 0.8611 0.8333 0.8056 0.7778 0.7500 0.7222 0.6944 0.6667 0.6389 0.6111 0.5833 0.5556 0.5278 0.5000 0.4722 0.4444 0.4167 0.3889 0.3611 0.3333 0.3056 0.2778 0.2500 0.2222 0.1944 0.1667 0.1389 0.1111 0.0833 0.0556 0.0278 0.0000
1.0000 0.9722 0.9444 0.9167 0.8889 0.8611 0.8333 0.8056 0.7778 0.7500 0.7222 0.6944 0.6667 0.6389 0.6111 0.5833 0.5556 0.5278 0.5000 0.4722 0.4444 0.4167 0.3889 0.3611 0.3333 0.3056 0.2778 0.2500 0.2222 0.1944 0.1667 0.1389 0.1111 0.0833 0.0556 0.0278 0.0000
