soil.asc
ncols         37
nrows         37
xllcorner     0
yllcorner     0
cellsize      1
NODATA_value  -9999
0.9889243 0.9981606 1 0.9986207 0.9980285 0.9913095 0.9635143 0.9188668 0.8561532 0.786415 0.7138631 0.6571553 0.6059163 0.5564426 0.5004943 0.4363053 0.3597293 0.2850477 0.2206804 0.1685186 0.1164476 0.06665506 0.02352731 0 0.01425149 0.08627208 0.1962536 0.3224073 0.4332665 0.5144995 0.5561478 0.5681531 0.5570909 0.5581394 0.5477101 0.5125347 0.4533852 
0.9215956 0.9320138 0.9369586 0.9401695 0.9471653 0.9539738 0.9428607 0.9147474 0.8687204 0.8158007 0.7578015 0.7131421 0.6725799 0.627467 0.5694828 0.5008211 0.4170706 0.3320878 0.260092 0.2052545 0.1532414 0.104644 0.0656994 0.04390367 0.055096 0.1169896 0.2126479 0.3229276 0.4190844 0.4875067 0.521531 0.5278969 0.5156573 0.5163683 0.5070047 0.4744914 0.4218306 
0.8423501 0.8539093 0.8616445 0.8682445 0.8818289 0.9003838 0.9047565 0.8933469 0.8656145 0.8317263 0.7914257 0.7612096 0.7315233 0.6927602 0.6359193 0.5653182 0.4779556 0.3893135 0.3143338 0.2584391 0.2077689 0.162854 0.1287592 0.1104125 0.1187454 0.1698172 0.249065 0.3400243 0.4178658 0.4731902 0.5002093 0.5025067 0.4880158 0.4876601 0.4771883 0.4451585 0.3950268 
0.7545843 0.7676033 0.7780231 0.7883843 0.8076912 0.8362961 0.8545334 0.8593942 0.848816 0.8311753 0.807312 0.7911305 0.7722472 0.7420178 0.6906336 0.6224638 0.5367665 0.44939 0.3742268 0.3170756 0.2673641 0.2249374 0.1937037 0.1780322 0.1852573 0.2265323 0.2896028 0.3603983 0.4200187 0.462282 0.4814671 0.4810745 0.4660662 0.4637335 0.4511195 0.4196102 0.3716092 
0.6621484 0.6815472 0.6951457 0.7109033 0.7324764 0.7706707 0.8036679 0.8262696 0.8308578 0.8267629 0.813942 0.8051738 0.7938133 0.7715494 0.7288105 0.6722556 0.5962889 0.514969 0.4423316 0.3819242 0.3264339 0.2832844 0.2530577 0.240188 0.2475087 0.2822252 0.3303245 0.3826846 0.4253455 0.456252 0.4679115 0.4642467 0.4483722 0.4401346 0.4207263 0.3856506 0.3376969 
0.5523124 0.5773034 0.5969075 0.6174396 0.6427283 0.692955 0.7429191 0.7843578 0.8087119 0.8241916 0.8270741 0.8296513 0.827503 0.8135021 0.7768384 0.7297094 0.6639429 0.5914762 0.5243182 0.4656579 0.4081491 0.3640039 0.3340043 0.3208465 0.3232501 0.3434402 0.3714802 0.399349 0.4200929 0.4350947 0.4390675 0.4309788 0.4127953 0.3994808 0.3767281 0.3401992 0.2910818 
0.4388191 0.4723068 0.499521 0.5248379 0.5527061 0.613771 0.6783719 0.7368916 0.7799351 0.8134285 0.832786 0.8497096 0.8576504 0.852985 0.8251261 0.7862565 0.7315079 0.672004 0.615328 0.563192 0.5086118 0.4639313 0.4309771 0.4132231 0.4062226 0.4112224 0.4183102 0.4220466 0.4186431 0.4153228 0.4066711 0.39253 0.3720608 0.3560381 0.3330352 0.2976835 0.2501493 
0.3438032 0.3866877 0.4202388 0.4501501 0.4795923 0.549181 0.6262005 0.6990275 0.7564989 0.8033579 0.8365136 0.8643681 0.8810378 0.8834974 0.863147 0.8316232 0.7873205 0.7402602 0.697229 0.6549776 0.6052599 0.5604837 0.5236958 0.4984308 0.4814274 0.4720691 0.4605113 0.4424685 0.4168936 0.3927601 0.368064 0.3453605 0.3219609 0.3035227 0.2813306 0.2503405 0.2112158 
0.2806709 0.3303041 0.3685201 0.3997103 0.4303409 0.5054204 0.5902254 0.6710226 0.7377667 0.79369 0.835043 0.8701788 0.893504 0.8999415 0.88294 0.8562312 0.8194393 0.7836068 0.7562289 0.7292866 0.6894525 0.6492036 0.6112138 0.5789801 0.5517362 0.5301056 0.5028721 0.46582 0.4193621 0.3737393 0.3314727 0.297253 0.2683198 0.2485806 0.2280476 0.2021484 0.1713749 
0.257686 0.3091246 0.3478642 0.3781067 0.4068429 0.4821317 0.5692937 0.6523509 0.7210089 0.7796783 0.8238343 0.8618612 0.8877242 0.8962864 0.8806847 0.8551819 0.8234621 0.7980176 0.7849851 0.7755592 0.7511472 0.7188481 0.6817902 0.6453085 0.6094424 0.5771458 0.5378106 0.4867674 0.4237727 0.3589144 0.3004187 0.2545754 0.2193914 0.1992672 0.1815874 0.1594246 0.1354485 
0.2655818 0.3148617 0.350223 0.3766052 0.4040911 0.4749663 0.5579959 0.6360042 0.6997145 0.7527575 0.793858 0.8305349 0.8570691 0.8665938 0.8537501 0.8300896 0.8033384 0.7867557 0.7870685 0.7946154 0.78637 0.7643057 0.730688 0.6916077 0.6488841 0.6088978 0.5603436 0.4998623 0.4257209 0.3472781 0.2759299 0.2201777 0.1802947 0.1604403 0.1444065 0.1248185 0.107336 
0.2966661 0.3418925 0.3728564 0.3953297 0.4219752 0.4873101 0.560379 0.6258578 0.6763158 0.7154365 0.7448641 0.7737097 0.7974004 0.8060393 0.7957674 0.7758183 0.7550589 0.7466537 0.7593031 0.7816976 0.7889451 0.7783916 0.7497627 0.7084138 0.6607651 0.6146207 0.558911 0.4922187 0.4138738 0.3297497 0.2516636 0.1907208 0.1494702 0.1298884 0.112733 0.09402159 0.08054602 
0.3347233 0.3748198 0.4025024 0.4224251 0.4504316 0.5111029 0.5733767 0.6232811 0.6560404 0.6763189 0.6873546 0.7010762 0.7177396 0.724908 0.7179794 0.7047505 0.6935645 0.6949334 0.717189 0.7512071 0.7713178 0.7704089 0.746634 0.7053013 0.6532412 0.6014907 0.5411427 0.4713979 0.3927746 0.3108396 0.2344795 0.1736113 0.1327616 0.1143462 0.09579733 0.07464125 0.06095833 
0.376982 0.4111913 0.4356164 0.4543678 0.4826654 0.537437 0.5892685 0.6250021 0.6397299 0.640291 0.6326064 0.6300408 0.636043 0.6407573 0.6383708 0.6338162 0.6331908 0.6449165 0.6737418 0.7133439 0.7414799 0.7466302 0.7265126 0.686208 0.6318246 0.5748044 0.5111917 0.4408335 0.365867 0.2915138 0.2229346 0.1666111 0.1287802 0.1107789 0.09010509 0.06626762 0.05180534 
0.4121087 0.4396764 0.4589367 0.4748633 0.5024496 0.5499915 0.5910065 0.6146156 0.6181082 0.6047627 0.5825868 0.5669104 0.5646543 0.565758 0.567529 0.5719182 0.5819644 0.6023161 0.6368729 0.67832 0.7094169 0.7184036 0.7013037 0.6616189 0.6068636 0.5464596 0.4799021 0.4093849 0.3400505 0.2767931 0.2188611 0.1707004 0.1389451 0.1194927 0.09547475 0.07124501 0.05826384 
0.4528145 0.4706931 0.4826479 0.4933315 0.5123447 0.5482175 0.5770162 0.5898632 0.5855209 0.5637226 0.5323642 0.5066509 0.4963329 0.4934788 0.4972149 0.5080292 0.5276897 0.5558103 0.5949366 0.6375539 0.6717811 0.6846536 0.6726698 0.6372557 0.5860741 0.5255971 0.4593538 0.3896188 0.3260319 0.2734821 0.2263878 0.1867853 0.1622699 0.1430293 0.117551 0.09324602 0.08010682 
0.4901519 0.4973156 0.4997091 0.5019868 0.5094296 0.5287083 0.5444064 0.5475534 0.5376592 0.5135752 0.4789204 0.4471561 0.4308129 0.4253455 0.429536 0.4446986 0.4721048 0.5072295 0.5498282 0.5946655 0.6319864 0.6482738 0.6417007 0.6137412 0.5682201 0.5118622 0.450413 0.3857375 0.3282403 0.2849562 0.2483957 0.216965 0.1980314 0.1808626 0.1578107 0.1354247 0.1246922 
0.5196968 0.5151519 0.5057137 0.4978995 0.492885 0.4939437 0.4942283 0.487895 0.4739313 0.4494652 0.4150023 0.3827232 0.3637176 0.3559322 0.3601047 0.3780512 0.409288 0.4490533 0.4955811 0.5424194 0.5828575 0.6037874 0.6023505 0.5795822 0.5414121 0.4916311 0.4374511 0.3814374 0.3344238 0.3015376 0.2761348 0.2543971 0.2440897 0.2312068 0.213705 0.1972286 0.1923868 
0.527647 0.5132331 0.4932804 0.475888 0.4613669 0.4459772 0.4320045 0.4173059 0.4003385 0.3760639 0.3435641 0.3141796 0.2965371 0.2904784 0.2971174 0.3179453 0.3524093 0.394639 0.4432482 0.4912135 0.5333428 0.5564013 0.5578649 0.5386184 0.506457 0.4645887 0.420344 0.376518 0.3423997 0.320506 0.3045695 0.2922835 0.2916069 0.2841375 0.2742866 0.2663622 0.2671819 
0.5255997 0.5030908 0.476514 0.4530315 0.4314635 0.4062778 0.3821961 0.3605559 0.3392246 0.3147413 0.2839009 0.2563908 0.2407107 0.2387117 0.2484712 0.2712958 0.3080564 0.3510417 0.3992362 0.4469374 0.4892249 0.5118195 0.5137184 0.4953704 0.4666696 0.4316605 0.3985162 0.368264 0.3474999 0.3352036 0.3289835 0.325109 0.3302396 0.3287137 0.3281351 0.3279167 0.3357269 
0.5176219 0.4887984 0.4586256 0.4334173 0.4126683 0.3849109 0.3565832 0.3325349 0.3097704 0.2867641 0.2573696 0.2322267 0.2180135 0.2181432 0.2277699 0.2512734 0.2866413 0.3274085 0.3716065 0.4162912 0.4544495 0.473828 0.4726575 0.4531206 0.4253666 0.3958086 0.3713829 0.3536955 0.3443945 0.3406091 0.3418428 0.3438973 0.3528499 0.3565394 0.3626239 0.3683441 0.3817103 
0.5156783 0.4818638 0.4495104 0.4247632 0.4069778 0.3797569 0.3520609 0.3307188 0.3093633 0.2881745 0.2613213 0.2394062 0.2247756 0.2233924 0.2307431 0.2504026 0.2798598 0.3148996 0.3531173 0.3909965 0.42261 0.436639 0.4317844 0.4109623 0.3855499 0.3615395 0.345571 0.3379401 0.3380802 0.339897 0.344873 0.3494426 0.3596582 0.3646822 0.3733601 0.3834001 0.3996871 
0.5222819 0.485193 0.4521208 0.4286649 0.4144289 0.390137 0.367436 0.3508351 0.3336641 0.3169731 0.2938177 0.273558 0.25742 0.2526637 0.2539741 0.2663539 0.2885799 0.3166875 0.3463244 0.3764521 0.4004513 0.408698 0.3998838 0.3792614 0.3557014 0.3357745 0.3252467 0.3252187 0.3311111 0.3367285 0.3436155 0.3492273 0.3565301 0.360784 0.368971 0.3786139 0.3932507 
0.5392663 0.5036865 0.474652 0.4554304 0.4427707 0.4249757 0.4084023 0.3954608 0.3809126 0.3664686 0.3434119 0.3205667 0.2992326 0.2871443 0.2788186 0.282052 0.2965567 0.3175186 0.3392963 0.3612718 0.3768612 0.3793387 0.3681875 0.3486846 0.3278781 0.3117659 0.3059367 0.3113934 0.3218943 0.3330655 0.3449703 0.351788 0.3572025 0.3633557 0.3691438 0.3749634 0.3851497 
0.5523983 0.524295 0.5040306 0.4918428 0.4829827 0.4730098 0.4638659 0.4569272 0.445565 0.4319679 0.4077434 0.3812573 0.3503534 0.3272129 0.3074058 0.3005736 0.3048945 0.3183097 0.3303859 0.3428088 0.3481954 0.3450914 0.3318518 0.3158988 0.2980454 0.2852923 0.2818102 0.2910246 0.3056997 0.324754 0.3432087 0.3563921 0.3644455 0.3730721 0.3754922 0.3787001 0.3846553 
0.552986 0.5369058 0.5293834 0.5276992 0.5257877 0.5258258 0.5265332 0.5258425 0.5173494 0.5040556 0.4781545 0.4456926 0.4048943 0.3697931 0.338221 0.3194413 0.3134361 0.3186215 0.3215448 0.3233495 0.3193789 0.3107665 0.2963011 0.2823501 0.2684667 0.2585841 0.2568401 0.2687265 0.2886088 0.3152867 0.3428865 0.3654705 0.3795505 0.390746 0.3918566 0.392599 0.3963602 
0.5467642 0.5444494 0.5525048 0.5632806 0.5717204 0.5846341 0.59654 0.6016014 0.5968317 0.584089 0.5553828 0.5158234 0.466316 0.4200114 0.375947 0.3458749 0.3291325 0.3242251 0.3167109 0.309767 0.2976038 0.2854931 0.2713137 0.2611899 0.250552 0.2428014 0.2410467 0.2538254 0.2750929 0.3065605 0.3406509 0.3705963 0.3896171 0.4042057 0.4050865 0.4045138 0.4064013 
0.551595 0.5651037 0.5884319 0.6117898 0.6291716 0.6548907 0.6767889 0.687966 0.685322 0.6705061 0.6371465 0.590056 0.5305298 0.4727181 0.4172086 0.3752169 0.3455537 0.3284332 0.3101765 0.2936639 0.2747548 0.260316 0.248613 0.2437429 0.2381673 0.2342222 0.2344771 0.2471764 0.2685319 0.3020078 0.3380616 0.3708899 0.3927705 0.4064541 0.4077737 0.4091862 0.4123302 
0.5624104 0.5907872 0.626958 0.6614037 0.6907853 0.7276942 0.7597899 0.7783772 0.7776229 0.7601515 0.7205535 0.6647197 0.5949541 0.5273671 0.4616046 0.4087867 0.3656254 0.3359739 0.3053975 0.2800137 0.2552068 0.2402929 0.2303822 0.2308663 0.2307521 0.2326831 0.2349487 0.2492144 0.2709266 0.3045491 0.3389717 0.3721388 0.3922067 0.4022323 0.4039763 0.4079673 0.4138117 
0.5763845 0.6170295 0.663976 0.7073917 0.7465529 0.792258 0.8325067 0.8559147 0.8558488 0.8353088 0.7883484 0.7219033 0.6434128 0.5676847 0.4947213 0.4347231 0.3827912 0.3422541 0.3019319 0.2682273 0.2386106 0.2221515 0.2142798 0.2184437 0.2245492 0.2327952 0.2408383 0.2581749 0.2814213 0.3140526 0.345592 0.3759511 0.3943285 0.4009267 0.4053021 0.412225 0.4209412 
0.583534 0.6355515 0.691465 0.7409599 0.787874 0.8403146 0.8863883 0.9134399 0.9149736 0.8909764 0.836287 0.7598436 0.673376 0.591134 0.5149081 0.4530888 0.3983692 0.3531117 0.3074379 0.2689977 0.2362194 0.2169795 0.2071399 0.212404 0.2206486 0.2331654 0.2477247 0.269609 0.2944036 0.3266933 0.3545059 0.3816617 0.3982274 0.401407 0.4071096 0.4177637 0.4284496 
0.585187 0.6469317 0.7098614 0.7657749 0.8176874 0.8769379 0.9262891 0.955808 0.9564577 0.9280556 0.8669221 0.7827048 0.6894466 0.603215 0.526457 0.4655118 0.4120749 0.3666442 0.32038 0.2799347 0.245932 0.2238786 0.2098223 0.210452 0.2168146 0.2299372 0.2483722 0.2741969 0.3020326 0.3343283 0.3600181 0.3848219 0.4028395 0.4060121 0.4134049 0.4257271 0.4367428 
0.5782534 0.6435881 0.7120122 0.7706887 0.8254176 0.8873859 0.9390643 0.9697784 0.9722878 0.9443699 0.8833849 0.7976519 0.7014419 0.6138604 0.5361983 0.477601 0.4267818 0.3837113 0.339888 0.3020965 0.2687365 0.2460907 0.2273541 0.2206272 0.2205482 0.2312765 0.2494535 0.2776439 0.3059312 0.3351973 0.3559712 0.3760539 0.3943717 0.4005321 0.4100442 0.4236675 0.434502 
0.5841407 0.6547404 0.7266799 0.7855446 0.8273575 0.886025 0.9347612 0.96525 0.9717327 0.949662 0.8937525 0.8108485 0.7140642 0.6231153 0.5406629 0.476705 0.4233307 0.3790113 0.3379287 0.3044487 0.2766996 0.2559154 0.2368542 0.2259972 0.2221276 0.2290371 0.2473258 0.2760879 0.3052033 0.3318584 0.3487612 0.3653991 0.3850234 0.3967439 0.4064589 0.4198858 0.4295805 
0.5828676 0.6549457 0.7282963 0.7876636 0.8304763 0.886202 0.9332082 0.9633287 0.9714651 0.9516577 0.900187 0.8225062 0.7281132 0.6373668 0.5537111 0.4859261 0.4281915 0.3802451 0.3371966 0.3044994 0.2795642 0.2623453 0.246564 0.2376187 0.2342249 0.2406689 0.2566603 0.2822066 0.3066695 0.326498 0.3358856 0.3455399 0.3623217 0.3751193 0.3835889 0.3949464 0.4029902 
0.5850148 0.6583383 0.7332556 0.7943835 0.8355392 0.8890725 0.9339856 0.9626652 0.9697862 0.9529659 0.9085528 0.8395296 0.7511224 0.6643536 0.5803001 0.5078363 0.4443702 0.3904852 0.3436979 0.3098374 0.2853554 0.2710267 0.25948 0.2530305 0.2515911 0.2589232 0.2723546 0.2927058 0.3100433 0.3195613 0.3182344 0.3173005 0.3264832 0.336518 0.3422192 0.3516689 0.3610082 
0.5654949 0.6415588 0.7203586 0.7834333 0.8275552 0.8784922 0.923104 0.9499232 0.9572673 0.9441826 0.9074444 0.8505083 0.7733959 0.6952767 0.6153194 0.5431585 0.4753161 0.4159932 0.3625456 0.3250769 0.2981427 0.2849804 0.27675 0.2746071 0.2753579 0.2830063 0.2930673 0.3062093 0.3140989 0.3130535 0.3001741 0.2876294 0.2881006 0.2925812 0.2938553 0.3002769 0.3094247 
